0 30 -200
0 10 -100
0 1 0
40
3
0 0 0 1 1 1 1 0 0
60.0 160.0 -200.0 1 1 1 1 0 0
-80.0 160.0 -200.0 1 1 1 1 0 0
4
texmap rainbow1.ppm
0 .001 0 .12
0 0 0 0
checker .08 .25 .20 .93 .83 .82 40
solid 1 0 1
solid 1 0 1
4
0.80 0.00 0.00 1 0.0 0 0
0.30 0.4 0.00 1 0.3 0 0
0.5 0.5 0.30 1000 0.1 0 1.3
0.6 0 0.2 1000 0.2 0.9 1.3
5
0 2 sphere 0 -620 0 600
0 2 sphere 0 0 1900 600
0 2 sphere 0 32.7 0 20
2 3 sphere -5.98 0 -22.31 20
2 3 sphere -16.32 0 16.32 20
1 1 polyhedron 5
0 1 0 60
1 0 0 -300
-1 0 0 -300
0 0 -1 -300
0 0 1 -300