7 5
0.5 1 1 0.5 1 1
200    30   -300
0    10   10
0     1      0
40
200    30   -300
0    10   10
0     1      0
40
0   130   -300
0    10   10
0     1      0
40
-200    30   -300
0    10   10
0     1      0
40
-200    30   -300
0    10   10
0     1      0
40
0   130   -300
0    10   10
0     1      0
40
200    30   -300
0    10   10
0     1      0
40
3
    0     0      0   1  1  1    1  0  0
 60.0 160.0 -200.0   1  1  1    1  0  0
-80.0 160.0 -200.0   1  1  1    1  0  0
8
texmap       rainbow1.ppm
                0 .001   0   .12
                0    0   0   0
checker      .8  .8  .8     .33  .33  .33    25
solid        1    1    1
solid 0.529 0.808 0.922
solid 0.94 0.87 0.80
solid        0    0    1
solid        0.9062    0.3320    0.5039
solid .333 .333 .333
7
0.80 0.00 0.00     1   0.0  0   0
0.30 0.40 0.00     1   0.3  0   0
0.11 0.11 0.30  1000   0.7  0   0
0.9 0 0 1 0 0 0
0.9 0.3 0 1 0 0 0
0.11 0.11 0.1 10 0 0 0
0.11 0 0.30  1000   0.01  0.8   1.3
16
6 2 sphere         0   0      -100     40
5 6 sphere     0      0 0     40
4 5 sphere         0   0      100     40
1 4 polyhedron 1
                 0  1  0    40
3 3 sphere 0 0 0 10000
7 5 sphere 110 -30 -150 10
1 2 sphere 100 -30 0 10
2 5 sphere 180 -30 10 10
2 6 sphere 80 -30 -80 10
6 5 sphere 120 -30 80 10
3 5 sphere -100 -30 100 10
3 5 sphere -100 -30 70 10
3 5 sphere -100 -30 130 10
5 5 sphere -100 -30 160 10
5 5 sphere -100 -30 190 10
5 5 sphere -100 -30 220 10